68
10 85 0 10 0.03737650055858076
10 140 0 10 0.07301359555810451
60 140 0 10 0.07127418999904749
110 140 0 10 0.07127418999904747
160 140 0 10 0.06944541181661139
160 185 0 10 0.0676166336341753
160 230 0 10 0.06944541181661137
110 230 0 10 0.07127418999904747
60 230 0 10 0.07127418999904749
10 230 0 10 0.07127418999904747
-40 230 0 10 0.07127418999904747
-90 230 0 10 0.07127418999904749
-140 230 0 10 0.0712741899990475
-140 280 0 10 0.0712741899990475
-90 280 0 10 0.07127418999904749
-40 280 0 10 0.07127418999904747
10 280 0 10 0.07127418999904747
60 280 0 10 0.07127418999904749
110 280 0 10 0.07127418999904747
160 280 0 10 0.06944541181661137
160 325 0 10 0.06761663363417532
160 370 0 10 0.0694454118166114
110 370 0 10 0.07127418999904747
60 370 0 10 0.07127418999904749
10 370 0 10 0.07127418999904747
-40 370 0 10 0.07127418999904747
-90 370 0 10 0.07127418999904749
-140 370 0 10 0.07127418999904747
-140 420 0 10 0.07127418999904747
-90 420 0 10 0.07127418999904749
-40 420 0 10 0.07127418999904747
10 420 0 10 0.06849287316721164
10 462.5 0 10 0.06571155633537583
10 505 0 10 0.03285577816768791
-10 85 0 10 0.03086262958666695
-10 122.5 0 10 0.06172525917333389
-10 160 0 10 0.06649972458619068
40 160 0 10 0.07127418999904747
90 160 0 10 0.07127418999904749
140 160 0 10 0.0712741899990475
140 210 0 10 0.0712741899990475
90 210 0 10 0.07127418999904749
40 210 0 10 0.07127418999904747
-10 210 0 10 0.07127418999904747
-60 210 0 10 0.07127418999904749
-110 210 0 10 0.07127418999904747
-160 210 0 10 0.06944541181661137
-160 255 0 10 0.0676166336341753
-160 300 0 10 0.06944541181661139
-110 300 0 10 0.07127418999904747
-60 300 0 10 0.07127418999904749
-10 300 0 10 0.07127418999904747
40 300 0 10 0.07127418999904747
90 300 0 10 0.07127418999904749
140 300 0 10 0.0712741899990475
140 350 0 10 0.0712741899990475
90 350 0 10 0.07127418999904749
40 350 0 10 0.07127418999904747
-10 350 0 10 0.07127418999904747
-60 350 0 10 0.07127418999904749
-110 350 0 10 0.07127418999904747
-160 350 0 10 0.06944541181661137
-160 395 0 10 0.06761663363417532
-160 440 0 10 0.0694454118166114
-110 440 0 10 0.07127418999904747
-60 440 0 10 0.07127418999904749
-10 440 0 10 0.07626963493990407
-10 505 0 10 0.04063253994038034
